

Control <- c( 91, 87, 99, 77, 88, 91) 
Treat <- c( 101, 110, 103, 93, 99, 104) 
t.test (Control, Treat, alternative="two.sided")